FreeFlightControlPoints = FreeFlightControlPoints or {}
FreeFlightControlPoints[1] = Matrix4x4Box(Matrix4x4(0.982197, 0.187878, -8.95601e-06, -0.186902, 0.977093, -0.101824, -0.0191216, 0.100011, 0.994805, -46.7333, -353.843, 33.7841))
FreeFlightControlPoints[2] = Matrix4x4Box(Matrix4x4(-0.00120218, -1.00001, -8.98898e-06, 0.99511, -0.00119956, 0.09884, -0.0988402, 0.000109964, 0.995105, -199.38, -234.634, 15.8755))
FreeFlightControlPoints[3] = Matrix4x4Box(Matrix4x4(-0.876823, -0.480827, -9.01036e-06, 0.479131, -0.873733, -0.0839021, 0.0403339, -0.0735699, 0.996476, -3.35168, -97.7662, 18.9395))
FreeFlightControlPoints[4] = Matrix4x4Box(Matrix4x4(0.111379, 0.993786, -8.99324e-06, -0.98514, 0.110411, -0.131619, -0.130797, 0.0146678, 0.991301, -29.5527, -215.561, 34.212))
FreeFlightControlPoints[5] = Matrix4x4Box(Matrix4x4(0.631891, -0.775069, -8.9975e-06, 0.764157, 0.622994, -0.167213, 0.129605, 0.105652, 0.985922, -111.59, -221.74, 35.0258))
FreeFlightControlPoints[6] = Matrix4x4Box(Matrix4x4(-0.357316, -0.933993, 3.78551e-08, 0.933047, -0.356954, -0.0449813, 0.042015, -0.0160733, 0.998989, -223.244, -81.1832, 15.122))

return 
